  0
SECTION
  2
HEADER
999
 Generated by InCAM
999
  Job : semicon, Step : org
  9
$FILLMODE
 70
1
  9
$MEASUREMENT
 70
1
  0
ENDSEC
   0
SECTION
   2
TABLES
  0
TABLE
2
LAYER
 70
1
  0
LAYER
  2
0
 70
64
 62
1
  6
CONTINUOUS
  0
ENDTAB
  0
ENDSEC
  0
SECTION
2
BLOCKS
  0
BLOCK
  8
0
  2
PAD_R1
 70
64
 10
0.0
 20
0.0
  0
POLYLINE
  8
0
 10
0.0
 20
0.0
 40
0.5
 41
0.5
 66
1
 70
1
  0
VERTEX
  8
0
 10
0.25
 20
0.0
 42
1.0
  0
VERTEX
  8
0
 10
-0.25
 20
0.0
 42
1.0
  0
SEQEND
  0
ENDBLK
  0
BLOCK
  8
0
  2
PAD_S1
 70
64
 10
0.0
 20
0.0
  0
POLYLINE
  8
0
 10
0.0
 20
0.0
 40
1.0
 41
1.0
 66
1
  0
VERTEX
  8
0
 10
-0.5
 20
0
  0
VERTEX
  8
0
 10
0.5
 20
0
  0
SEQEND
  0
ENDBLK
  0
ENDSEC
  0
SECTION
  2
ENTITIES
  0
POLYLINE
  8
0
 66
1
  0
VERTEX
  8
0
 10
4.196358
 20
-0.203235
  0
VERTEX
  8
0
 10
0.240872
 20
-0.203235
 42
-0.709441
  0
VERTEX
  8
0
 10
-0.292470
 20
0.010578
  0
SEQEND
  0
POLYLINE
  8
0
 66
1
  0
VERTEX
  8
0
 10
0.240872
 20
0.197285
  0
VERTEX
  8
0
 10
4.264930
 20
0.196675
  0
VERTEX
  8
0
 10
4.405543
 20
0.192612
  0
VERTEX
  8
0
 10
4.555260
 20
0.183512
 42
-0.044947
  0
VERTEX
  8
0
 10
5.390660
 20
0.045390
  0
VERTEX
  8
0
 10
5.526917
 20
0.008175
  0
VERTEX
  8
0
 10
5.795085
 20
-0.078457
  0
VERTEX
  8
0
 10
5.928858
 20
-0.128080
  0
VERTEX
  8
0
 10
6.189265
 20
-0.238638
  0
VERTEX
  8
0
 10
6.316072
 20
-0.299113
  0
VERTEX
  8
0
 10
6.565440
 20
-0.432085
  0
VERTEX
  8
0
 10
6.687353
 20
-0.504185
  0
VERTEX
  8
0
 10
6.923822
 20
-0.658717
 42
-0.044325
  0
VERTEX
  8
0
 10
7.569145
 20
-1.198570
  0
VERTEX
  8
0
 10
7.759870
 20
-1.380675
  0
VERTEX
  8
0
 10
7.982287
 20
-1.572428
  0
VERTEX
  8
0
 10
8.096877
 20
-1.663760
 42
0.025924
  0
VERTEX
  8
0
 10
8.579263
 20
-1.998517
 42
0.052649
  0
VERTEX
  8
0
 10
9.635745
 20
-2.506512
  0
VERTEX
  8
0
 10
9.914627
 20
-2.597925
  0
VERTEX
  8
0
 10
10.056040
 20
-2.637945
 42
0.026718
  0
VERTEX
  8
0
 10
10.629810
 20
-2.760985
 42
0.025762
  0
VERTEX
  8
0
 10
11.213492
 20
-2.822785
  0
VERTEX
  8
0
 10
11.360195
 20
-2.828663
  0
VERTEX
  8
0
 10
14.638290
 20
-2.829065
  0
SEQEND
  0
POLYLINE
  8
0
 66
1
  0
VERTEX
  8
0
 10
21.417127
 20
-2.829900
  0
VERTEX
  8
0
 10
21.573332
 20
-2.826195
  0
VERTEX
  8
0
 10
21.884465
 20
-2.806750
  0
VERTEX
  8
0
 10
22.193987
 20
-2.771807
  0
VERTEX
  8
0
 10
22.501658
 20
-2.721600
  0
VERTEX
  8
0
 10
22.654600
 20
-2.690815
  0
VERTEX
  8
0
 10
22.957380
 20
-2.617765
  0
VERTEX
  8
0
 10
23.256325
 20
-2.529608
  0
VERTEX
  8
0
 10
23.550552
 20
-2.426778
  0
VERTEX
  8
0
 10
23.839333
 20
-2.309345
  0
VERTEX
  8
0
 10
24.121945
 20
-2.177388
 42
0.025233
  0
VERTEX
  8
0
 10
24.665308
 20
-1.872725
  0
VERTEX
  8
0
 10
24.796142
 20
-1.788370
  0
VERTEX
  8
0
 10
25.051435
 20
-1.609395
 42
0.025072
  0
VERTEX
  8
0
 10
25.533795
 20
-1.214887
  0
VERTEX
  8
0
 10
25.647925
 20
-1.109120
  0
VERTEX
  8
0
 10
29.638268
 20
2.879385
  0
SEQEND
  0
POLYLINE
  8
0
 66
1
  0
VERTEX
  8
0
 10
31.033337
 20
4.273810
  0
VERTEX
  8
0
 10
31.200737
 20
4.452345
 42
0.048762
  0
VERTEX
  8
0
 10
31.644665
 20
5.071175
 42
0.090996
  0
VERTEX
  8
0
 10
32.119020
 20
6.409183
  0
VERTEX
  8
0
 10
32.149475
 20
6.650625
  0
VERTEX
  8
0
 10
32.164680
 20
6.893447
  0
VERTEX
  8
0
 10
32.166402
 20
8.150630
 42
-0.409977
  0
VERTEX
  8
0
 10
32.363745
 20
8.350855
  0
SEQEND
  0
POLYLINE
  8
0
 66
1
  0
VERTEX
  8
0
 10
32.566902
 20
8.150628
  0
VERTEX
  8
0
 10
32.564898
 20
6.877545
  0
VERTEX
  8
0
 10
32.547820
 20
6.608862
  0
VERTEX
  8
0
 10
32.514133
 20
6.343495
  0
VERTEX
  8
0
 10
32.463583
 20
6.079772
  0
VERTEX
  8
0
 10
32.432327
 20
5.949327
 42
-0.05324
  0
VERTEX
  8
0
 10
32.100947
 20
5.071783
  0
VERTEX
  8
0
 10
31.971888
 20
4.837155
  0
VERTEX
  8
0
 10
31.901212
 20
4.721423
 42
-0.038821
  0
VERTEX
  8
0
 10
31.499150
 20
4.185190
  0
VERTEX
  8
0
 10
31.317530
 20
3.991578
  0
VERTEX
  8
0
 10
29.645545
 20
2.320440
  0
SEQEND
  0
POLYLINE
  8
0
 66
1
  0
VERTEX
  8
0
 10
25.922252
 20
-1.400960
  0
VERTEX
  8
0
 10
25.676247
 20
-1.623228
  0
VERTEX
  8
0
 10
25.419062
 20
-1.833505
  0
VERTEX
  8
0
 10
25.152673
 20
-2.029940
  0
VERTEX
  8
0
 10
25.015007
 20
-2.123807
  0
VERTEX
  8
0
 10
24.734320
 20
-2.299850
  0
VERTEX
  8
0
 10
24.445345
 20
-2.461838
  0
VERTEX
  8
0
 10
24.148505
 20
-2.609087
  0
VERTEX
  8
0
 10
23.996498
 20
-2.677750
  0
VERTEX
  8
0
 10
23.689418
 20
-2.802462
  0
VERTEX
  8
0
 10
23.376645
 20
-2.911637
  0
VERTEX
  8
0
 10
23.057962
 20
-3.005453
  0
VERTEX
  8
0
 10
22.736138
 20
-3.082960
  0
VERTEX
  8
0
 10
22.410135
 20
-3.144365
  0
VERTEX
  8
0
 10
22.081420
 20
-3.189570
  0
VERTEX
  8
0
 10
21.916647
 20
-3.205983
  0
VERTEX
  8
0
 10
21.585442
 20
-3.226540
  0
VERTEX
  8
0
 10
21.421273
 20
-3.230402
  0
VERTEX
  8
0
 10
14.644818
 20
-3.229445
  0
SEQEND
  0
POLYLINE
  8
0
 66
1
  0
VERTEX
  8
0
 10
11.347193
 20
-3.228980
 42
-0.132385
  0
VERTEX
  8
0
 10
8.365737
 20
-2.337378
  0
VERTEX
  8
0
 10
8.102467
 20
-2.164545
  0
VERTEX
  8
0
 10
7.853740
 20
-1.982050
 42
-0.031261
  0
VERTEX
  8
0
 10
7.288988
 20
-1.484797
 42
0.03702
  0
VERTEX
  8
0
 10
6.797352
 20
-1.061005
 42
0.160264
  0
VERTEX
  8
0
 10
4.196358
 20
-0.203235
  0
SEQEND
  0
POLYLINE
  8
0
 66
1
  0
VERTEX
  8
0
 10
0.262570
 20
0.247278
  0
VERTEX
  8
0
 10
4.266450
 20
0.246655
 42
-0.194747
  0
VERTEX
  8
0
 10
7.603955
 20
-1.162670
 42
0.031442
  0
VERTEX
  8
0
 10
8.127805
 20
-1.624478
 42
0.025907
  0
VERTEX
  8
0
 10
8.605643
 20
-1.956040
 42
0.052617
  0
VERTEX
  8
0
 10
9.651977
 20
-2.459213
  0
VERTEX
  8
0
 10
9.929325
 20
-2.550120
  0
VERTEX
  8
0
 10
10.069363
 20
-2.589748
 42
0.026705
  0
VERTEX
  8
0
 10
10.637630
 20
-2.711595
 42
0.025736
  0
VERTEX
  8
0
 10
11.215605
 20
-2.772830
  0
VERTEX
  8
0
 10
11.361303
 20
-2.778662
  0
VERTEX
  8
0
 10
14.638495
 20
-2.779065
  0
SEQEND
  0
POLYLINE
  8
0
 66
1
  0
VERTEX
  8
0
 10
21.416600
 20
-2.779898
  0
VERTEX
  8
0
 10
21.571085
 20
-2.776235
 42
0.043477
  0
VERTEX
  8
0
 10
22.643708
 20
-2.642002
 42
0.037333
  0
VERTEX
  8
0
 10
23.532992
 20
-2.379945
  0
VERTEX
  8
0
 10
23.819440
 20
-2.263455
  0
VERTEX
  8
0
 10
24.100503
 20
-2.132213
 42
0.025182
  0
VERTEX
  8
0
 10
24.638368
 20
-1.830602
  0
VERTEX
  8
0
 10
24.768315
 20
-1.746815
  0
VERTEX
  8
0
 10
25.022330
 20
-1.568735
 42
0.025034
  0
VERTEX
  8
0
 10
25.500077
 20
-1.177968
  0
VERTEX
  8
0
 10
25.613310
 20
-1.073022
  0
VERTEX
  8
0
 10
29.638313
 20
2.950122
  0
SEQEND
  0
POLYLINE
  8
0
 66
1
  0
VERTEX
  8
0
 10
30.997475
 20
4.308655
  0
VERTEX
  8
0
 10
31.163737
 20
4.485995
 42
0.048695
  0
VERTEX
  8
0
 10
31.601328
 20
5.096120
 42
0.090938
  0
VERTEX
  8
0
 10
32.069510
 20
6.416225
  0
VERTEX
  8
0
 10
32.099677
 20
6.655475
  0
VERTEX
  8
0
 10
32.114680
 20
6.895200
  0
VERTEX
  8
0
 10
32.116402
 20
8.150673
 42
-0.41045
  0
VERTEX
  8
0
 10
32.363473
 20
8.400858
  0
SEQEND
  0
POLYLINE
  8
0
 66
1
  0
VERTEX
  8
0
 10
32.616903
 20
8.150633
  0
VERTEX
  8
0
 10
32.614888
 20
6.876615
 42
-0.189926
  0
VERTEX
  8
0
 10
31.352895
 20
3.956233
  0
VERTEX
  8
0
 10
29.645437
 20
2.249672
  0
SEQEND
  0
POLYLINE
  8
0
 66
1
  0
VERTEX
  8
0
 10
25.955683
 20
-1.438143
  0
VERTEX
  8
0
 10
25.707947
 20
-1.661892
  0
VERTEX
  8
0
 10
25.448912
 20
-1.873615
  0
VERTEX
  8
0
 10
25.180760
 20
-2.071305
  0
VERTEX
  8
0
 10
25.041495
 20
-2.166215
  0
VERTEX
  8
0
 10
24.758890
 20
-2.343393
  0
VERTEX
  8
0
 10
24.467788
 20
-2.506515
  0
VERTEX
  8
0
 10
24.169825
 20
-2.654307
 42
-0.106219
  0
VERTEX
  8
0
 10
21.421647
 20
-3.280397
  0
VERTEX
  8
0
 10
14.644955
 20
-3.279430
  0
SEQEND
  0
POLYLINE
  8
0
 66
1
  0
VERTEX
  8
0
 10
11.346037
 20
-3.278960
 42
-0.132506
  0
VERTEX
  8
0
 10
8.337993
 20
-2.378973
  0
VERTEX
  8
0
 10
8.072942
 20
-2.204897
  0
VERTEX
  8
0
 10
7.823060
 20
-2.021530
 42
-0.031262
  0
VERTEX
  8
0
 10
7.253615
 20
-1.520140
 42
0.037036
  0
VERTEX
  8
0
 10
6.767353
 20
-1.101005
 42
0.160243
  0
VERTEX
  8
0
 10
4.196318
 20
-0.253235
  0
VERTEX
  8
0
 10
0.262568
 20
-0.253235
  0
VERTEX
  8
0
 10
0.261047
 20
-0.254742
 42
-0.679594
  0
VERTEX
  8
0
 10
-0.342543
 20
0.009805
  0
SEQEND
  0
LINE
  8
0
 10
14.638578
 20
-3.229445
 11
11.347193
 21
-3.228980
  0
LINE
  8
0
 10
14.638440
 20
-3.279430
 11
11.346037
 21
-3.278960
  0
LINE
  8
0
 10
14.644910
 20
-2.829067
 11
21.417127
 21
-2.829900
  0
LINE
  8
0
 10
14.644885
 20
-2.779065
 11
21.416600
 21
-2.779898
  0
LINE
  8
0
 10
29.637940
 20
2.242180
 11
25.955683
 21
-1.438143
  0
LINE
  8
0
 10
29.638278
 20
2.313178
 11
25.922252
 21
-1.400960
  0
LINE
  8
0
 10
29.644832
 20
2.885945
 11
31.033337
 21
4.273810
  0
LINE
  8
0
 10
29.644955
 20
2.956760
 11
30.997475
 21
4.308655
  0
ARC
  8
0
 10
32.366653
 20
8.150628
 40
0.250250
 50
0.001059
 51
89.707997
  0
ARC
  8
0
 10
32.366653
 20
8.150628
 40
0.200247
 50
0.000156
 51
89.641785
  0
ARC
  8
0
 10
0.011625
 20
-0.002975
 40
0.304397
 50
41.138980
 51
175.684615
  0
ARC
  8
0
 10
0.011625
 20
-0.002975
 40
0.354400
 50
44.920846
 51
176.125068
  0
ENDSEC
   0
EOF
